Insert matrix [3x3] to be solved: [2 1 3; 4 6 5; 8 0 7]
node #654 
     1     2     3
     8     0     4
     7     6     5

node #652:  
     1     2     3
     8     4     0
     7     6     5

node #650:  
     1     2     0
     8     4     3
     7     6     5

node #647:  
     1     0     2
     8     4     3
     7     6     5

node #643:  
     1     4     2
     8     0     3
     7     6     5

node #635:  
     1     4     2
     8     6     3
     7     0     5

node #621:  
     1     4     2
     8     6     3
     0     7     5

node #596:  
     1     4     2
     0     6     3
     8     7     5

node #526:  
     0     4     2
     1     6     3
     8     7     5

node #386:  
     4     0     2
     1     6     3
     8     7     5

node #210:  
     4     2     0
     1     6     3
     8     7     5

node #124:  
     4     2     3
     1     6     0
     8     7     5

node #107:  
     4     2     3
     1     0     6
     8     7     5

node #75:  
     4     2     3
     0     1     6
     8     7     5

node #41:  
     0     2     3
     4     1     6
     8     7     5

node #27:  
     2     0     3
     4     1     6
     8     7     5

node #12:  
     2     1     3
     4     0     6
     8     7     5

node #5:  
     2     1     3
     4     6     0
     8     7     5

node #3:  
     2     1     3
     4     6     5
     8     7     0

node #1:  
     2     1     3
     4     6     5
     8     0     7

Total loops are 653. 